20 0.2 1 31 3 1 0 0
20 0.2 2 31 4 0 0 0
20 0.2 3 31 3 1 0 0
20 0.2 4 31 4 0 0 0
20 0.2 5 31 4 0 0 0
20 0.2 6 31 4 0 0 0
20 0.4 1 31 4 0 0 0
20 0.4 2 31 4 0 0 0
20 0.4 3 31 2 2 0 0
20 0.4 4 31 2 2 0 0
20 0.4 5 31 3 0 0 0
20 0.4 6 31 2 1 0 0
20 0.6000000000000001 1 31 4 0 0 0
20 0.6000000000000001 2 31 2 2 0 0
20 0.6000000000000001 3 31 3 0 0 0
20 0.6000000000000001 4 31 2 0 0 0
20 0.6000000000000001 5 31 2 1 0 0
20 0.6000000000000001 6 31 3 1 0 0
20 0.8 1 31 3 0 0 0
20 0.8 2 31 3 1 0 0
20 0.8 3 31 4 0 0 0
20 0.8 4 31 3 1 0 0
20 0.8 5 31 2 2 0 0
20 0.8 6 31 2 2 0 0
20 1.0 1 31 3 1 0 0
20 1.0 2 31 3 0 0 0
20 1.0 3 31 3 1 0 0
20 1.0 4 31 4 0 0 0
20 1.0 5 31 4 0 0 0
20 1.0 6 31 4 0 0 0
30 0.2 1 31 4 0 0 0
30 0.2 2 31 4 0 0 0
30 0.2 3 31 3 1 0 0
30 0.2 4 31 4 0 0 0
30 0.2 5 31 3 1 0 0
30 0.2 6 31 2 1 0 0
30 0.4 1 31 4 0 0 0
30 0.4 2 31 4 0 0 0
30 0.4 3 31 3 0 0 0
30 0.4 4 31 4 0 0 0
30 0.4 5 31 4 0 0 0
30 0.4 6 31 4 0 0 0
30 0.6000000000000001 1 31 3 0 0 0
30 0.6000000000000001 2 31 3 0 0 0
30 0.6000000000000001 3 31 2 0 0 0
30 0.6000000000000001 4 31 4 0 0 0
30 0.6000000000000001 5 31 3 1 0 0
30 0.6000000000000001 6 31 4 0 0 0
30 0.8 1 31 3 0 0 0
30 0.8 2 31 3 0 0 0
30 0.8 3 31 2 0 0 0
30 0.8 4 31 3 1 0 0
30 0.8 5 31 3 1 0 0
30 0.8 6 31 3 0 0 0
30 1.0 1 31 2 1 0 0
30 1.0 2 31 2 1 0 0
30 1.0 3 31 4 0 0 0
30 1.0 4 31 3 1 0 0
30 1.0 5 31 4 0 0 0
30 1.0 6 31 3 0 0 0
40 0.2 1 31 3 1 0 0
40 0.2 2 31 3 1 0 0
40 0.2 3 31 2 0 0 0
40 0.2 4 31 3 0 0 0
40 0.2 5 31 4 0 0 0
40 0.2 6 31 4 0 0 0
40 0.4 1 31 3 0 0 0
40 0.4 2 31 3 1 0 0
40 0.4 3 31 2 1 0 0
40 0.4 4 31 2 0 0 0
40 0.4 5 31 3 1 0 0
40 0.4 6 31 4 0 0 0
40 0.6000000000000001 1 31 3 0 0 0
40 0.6000000000000001 2 31 4 0 0 0
40 0.6000000000000001 3 31 4 0 0 0
40 0.6000000000000001 4 31 4 0 0 0
40 0.6000000000000001 5 31 3 1 0 0
40 0.6000000000000001 6 31 3 1 0 0
40 0.8 1 31 3 0 0 0
40 0.8 2 31 3 1 0 0
40 0.8 3 31 4 0 0 0
40 0.8 4 31 3 1 0 0
40 0.8 5 31 4 0 0 0
40 0.8 6 31 2 1 0 0
40 1.0 1 31 3 0 0 0
40 1.0 2 31 4 0 0 0
40 1.0 3 31 4 0 0 0
40 1.0 4 31 3 0 0 0
40 1.0 5 31 3 0 0 0
40 1.0 6 31 3 0 0 0
50 0.2 1 31 4 0 0 0
50 0.2 2 31 4 0 0 0
50 0.2 3 31 4 0 0 0
50 0.2 4 31 2 1 0 0
50 0.2 5 31 4 0 0 0
50 0.2 6 31 4 0 0 0
50 0.4 1 31 2 2 0 0
50 0.4 2 31 4 0 0 0
50 0.4 3 31 3 0 0 0
50 0.4 4 31 3 0 0 0
50 0.4 5 31 2 0 0 0
50 0.4 6 31 4 0 0 0
50 0.6000000000000001 1 31 4 0 0 0
50 0.6000000000000001 2 31 3 1 0 0
50 0.6000000000000001 3 31 2 1 0 0
50 0.6000000000000001 4 31 3 1 0 0
50 0.6000000000000001 5 31 3 1 0 0
50 0.6000000000000001 6 31 3 0 0 0
50 0.8 1 31 3 0 0 0
50 0.8 2 31 3 1 0 0
50 0.8 3 31 3 0 0 0
50 0.8 4 31 3 1 0 0
50 0.8 5 31 2 1 0 0
50 0.8 6 31 3 0 0 0
50 1.0 1 31 2 0 0 0
50 1.0 2 31 2 0 0 0
50 1.0 3 31 3 0 0 0
50 1.0 4 31 2 1 0 0
50 1.0 5 31 2 1 0 0
50 1.0 6 31 3 0 0 0
60 0.2 1 31 3 0 0 0
60 0.2 2 31 3 1 0 0
60 0.2 3 31 2 1 0 0
60 0.2 4 31 2 2 0 0
60 0.2 5 31 2 1 0 0
60 0.2 6 31 3 1 0 0
60 0.4 1 31 3 1 0 0
60 0.4 2 31 2 2 0 0
60 0.4 3 31 4 0 0 0
60 0.4 4 31 4 0 0 0
60 0.4 5 31 3 0 0 0
60 0.4 6 31 3 0 0 0
60 0.6000000000000001 1 31 3 1 0 0
60 0.6000000000000001 2 31 3 0 0 0
60 0.6000000000000001 3 31 3 0 0 0
60 0.6000000000000001 4 31 3 1 0 0
60 0.6000000000000001 5 31 3 0 0 0
60 0.6000000000000001 6 31 3 1 0 0
60 0.8 1 31 2 1 0 0
60 0.8 2 31 4 0 0 0
60 0.8 3 31 2 1 0 0
60 0.8 4 31 3 1 0 0
60 0.8 5 31 3 0 0 0
60 0.8 6 31 4 0 0 0
60 1.0 1 31 3 1 0 0
60 1.0 2 31 3 0 0 0
60 1.0 3 31 3 0 0 0
60 1.0 4 31 3 1 0 0
60 1.0 5 31 3 1 0 0
60 1.0 6 31 4 0 0 0
70 0.2 1 31 2 1 0 0
70 0.2 2 31 3 0 0 0
70 0.2 3 31 3 0 0 0
70 0.2 4 31 2 2 0 0
70 0.2 5 31 3 0 0 0
70 0.2 6 31 4 0 0 0
70 0.4 1 31 2 1 0 0
70 0.4 2 31 4 0 0 0
70 0.4 3 31 3 1 0 0
70 0.4 4 31 3 1 0 0
70 0.4 5 31 3 0 0 0
70 0.4 6 31 3 0 0 0
70 0.6000000000000001 1 31 4 0 0 0
70 0.6000000000000001 2 31 2 1 0 0
70 0.6000000000000001 3 31 4 0 0 0
70 0.6000000000000001 4 31 3 1 0 0
70 0.6000000000000001 5 31 3 1 0 0
70 0.6000000000000001 6 31 4 0 0 0
70 0.8 1 31 3 0 0 0
70 0.8 2 31 4 0 0 0
70 0.8 3 31 2 0 0 0
70 0.8 4 31 3 0 0 0
70 0.8 5 31 4 0 0 0
70 0.8 6 31 4 0 0 0
70 1.0 1 31 2 1 0 0
70 1.0 2 31 3 0 0 0
70 1.0 3 31 2 2 0 0
70 1.0 4 31 2 0 0 0
70 1.0 5 31 2 1 0 0
70 1.0 6 31 3 0 0 0
80 0.2 1 31 3 0 0 0
80 0.2 2 31 2 1 0 0
80 0.2 3 31 2 1 0 0
80 0.2 4 31 2 1 0 0
80 0.2 5 31 2 0 0 0
80 0.2 6 31 3 0 0 0
80 0.4 1 31 3 0 0 0
80 0.4 2 31 2 0 0 0
80 0.4 3 31 4 0 0 0
80 0.4 4 31 3 0 0 0
80 0.4 5 31 3 0 0 0
80 0.4 6 31 2 0 0 0
80 0.6000000000000001 1 31 2 1 0 0
80 0.6000000000000001 2 31 3 1 0 0
80 0.6000000000000001 3 31 2 1 0 0
80 0.6000000000000001 4 31 3 0 0 0
80 0.6000000000000001 5 31 3 1 0 0
80 0.6000000000000001 6 31 4 0 0 0
80 0.8 1 31 2 1 0 0
80 0.8 2 31 4 0 0 0
80 0.8 3 31 3 0 0 0
80 0.8 4 31 3 0 0 0
80 0.8 5 31 4 0 0 0
80 0.8 6 31 4 0 0 0
80 1.0 1 31 2 1 0 0
80 1.0 2 31 2 0 0 0
80 1.0 3 31 4 0 0 0
80 1.0 4 31 4 0 0 0
80 1.0 5 31 4 0 0 0
80 1.0 6 31 4 0 0 0
90 0.2 1 31 3 1 0 0
90 0.2 2 31 2 0 0 0
90 0.2 3 31 2 1 0 0
90 0.2 4 31 2 0 0 0
90 0.2 5 31 3 0 0 0
90 0.2 6 31 3 0 0 0
90 0.4 1 31 3 0 0 0
90 0.4 2 31 4 0 0 0
90 0.4 3 31 4 0 0 0
90 0.4 4 31 4 0 0 0
90 0.4 5 31 3 1 0 0
90 0.4 6 31 3 0 0 0
90 0.6000000000000001 1 31 2 1 0 0
90 0.6000000000000001 2 31 3 1 0 0
90 0.6000000000000001 3 31 4 0 0 0
90 0.6000000000000001 4 31 4 0 0 0
90 0.6000000000000001 5 31 4 0 0 0
90 0.6000000000000001 6 31 4 0 0 0
90 0.8 1 31 3 1 0 0
90 0.8 2 31 3 0 0 0
90 0.8 3 31 4 0 0 0
90 0.8 4 31 3 1 0 0
90 0.8 5 31 3 1 0 0
90 0.8 6 31 3 1 0 0
90 1.0 1 31 3 0 0 0
90 1.0 2 31 2 0 0 0
90 1.0 3 31 4 0 0 0
90 1.0 4 31 2 1 0 0
90 1.0 5 31 2 2 0 0
90 1.0 6 31 4 0 0 0
100 0.2 1 31 3 0 0 0
100 0.2 2 31 2 2 0 0
100 0.2 3 31 3 1 0 0
100 0.2 4 31 3 0 0 0
100 0.2 5 31 4 0 0 0
100 0.2 6 31 3 0 0 0
100 0.4 1 31 4 0 0 0
100 0.4 2 31 4 0 0 0
100 0.4 3 31 2 0 0 0
100 0.4 4 31 3 0 0 0
100 0.4 5 31 3 0 0 0
100 0.4 6 31 3 0 0 0
100 0.6000000000000001 1 31 2 0 0 0
100 0.6000000000000001 2 31 3 1 0 0
100 0.6000000000000001 3 31 4 0 0 0
100 0.6000000000000001 4 31 3 0 0 0
100 0.6000000000000001 5 31 3 1 0 0
100 0.6000000000000001 6 31 3 1 0 0
100 0.8 1 31 3 0 0 0
100 0.8 2 31 3 1 0 0
100 0.8 3 31 2 0 0 0
100 0.8 4 31 3 0 0 0
100 0.8 5 31 4 0 0 0
100 0.8 6 31 4 0 0 0
100 1.0 1 31 4 0 0 0
100 1.0 2 31 3 0 0 0
100 1.0 3 31 3 0 0 0
100 1.0 4 31 4 0 0 0
100 1.0 5 31 4 0 0 0
100 1.0 6 31 3 0 0 0
110 0.2 1 31 3 0 0 0
110 0.2 2 31 3 0 0 0
110 0.2 3 31 2 1 0 0
110 0.2 4 31 4 0 0 0
110 0.2 5 31 3 0 0 0
110 0.2 6 31 4 0 0 0
110 0.4 1 31 3 0 0 0
110 0.4 2 31 3 0 0 0
110 0.4 3 31 4 0 0 0
110 0.4 4 31 3 1 0 0
110 0.4 5 31 3 1 0 0
110 0.4 6 31 4 0 0 0
110 0.6000000000000001 1 31 2 1 0 0
110 0.6000000000000001 2 31 2 1 0 0
110 0.6000000000000001 3 31 3 1 0 0
110 0.6000000000000001 4 31 4 0 0 0
110 0.6000000000000001 5 31 4 0 0 0
110 0.6000000000000001 6 31 2 2 0 0
110 0.8 1 31 2 1 0 0
110 0.8 2 31 4 0 0 0
110 0.8 3 31 3 0 0 0
110 0.8 4 31 4 0 0 0
110 0.8 5 31 4 0 0 0
110 0.8 6 31 4 0 0 0
110 1.0 1 31 3 0 0 0
110 1.0 2 31 2 0 0 0
110 1.0 3 31 3 0 0 0
110 1.0 4 31 2 2 0 0
110 1.0 5 31 2 1 0 0
110 1.0 6 31 3 1 0 0
120 0.2 1 31 2 1 0 0
120 0.2 2 31 2 0 0 0
120 0.2 3 31 2 0 0 0
120 0.2 4 31 3 1 0 0
120 0.2 5 31 2 1 0 0
120 0.2 6 31 3 1 0 0
120 0.4 1 31 2 1 0 0
120 0.4 2 31 4 0 0 0
120 0.4 3 31 3 0 0 0
120 0.4 4 31 4 0 0 0
120 0.4 5 31 2 0 0 0
120 0.4 6 31 3 0 0 0
120 0.6000000000000001 1 31 2 1 0 0
120 0.6000000000000001 2 31 3 1 0 0
120 0.6000000000000001 3 31 4 0 0 0
120 0.6000000000000001 4 31 3 0 0 0
120 0.6000000000000001 5 31 3 0 0 0
120 0.6000000000000001 6 31 4 0 0 0
120 0.8 1 31 4 0 0 0
120 0.8 2 31 3 1 0 0
120 0.8 3 31 3 0 0 0
120 0.8 4 31 3 1 0 0
120 0.8 5 31 3 0 0 0
120 0.8 6 31 3 0 0 0
120 1.0 1 31 2 1 0 0
120 1.0 2 31 3 0 0 0
120 1.0 3 31 3 1 0 0
120 1.0 4 31 3 0 0 0
120 1.0 5 31 4 0 0 0
120 1.0 6 31 3 1 0 0
130 0.2 1 31 3 0 0 0
130 0.2 2 31 3 0 0 0
130 0.2 3 31 2 0 0 0
130 0.2 4 31 3 0 0 0
130 0.2 5 31 3 0 0 0
130 0.2 6 31 2 0 0 0
130 0.4 1 31 3 0 0 0
130 0.4 2 31 2 0 0 0
130 0.4 3 31 4 0 0 0
130 0.4 4 31 4 0 0 0
130 0.4 5 31 4 0 0 0
130 0.4 6 31 3 0 0 0
130 0.6000000000000001 1 31 3 0 0 0
130 0.6000000000000001 2 31 3 0 0 0
130 0.6000000000000001 3 31 2 1 0 0
130 0.6000000000000001 4 31 3 0 0 0
130 0.6000000000000001 5 31 3 1 0 0
130 0.6000000000000001 6 31 3 0 0 0
130 0.8 1 31 4 0 0 0
130 0.8 2 31 4 0 0 0
130 0.8 3 31 4 0 0 0
130 0.8 4 31 2 0 0 0
130 0.8 5 31 4 0 0 0
130 0.8 6 31 3 0 0 0
130 1.0 1 31 2 1 0 0
130 1.0 2 31 4 0 0 0
130 1.0 3 31 3 1 0 0
130 1.0 4 31 3 0 0 0
130 1.0 5 31 3 1 0 0
130 1.0 6 31 3 1 0 0
140 0.2 1 31 3 0 0 0
140 0.2 2 31 4 0 0 0
140 0.2 3 31 3 0 0 0
140 0.2 4 31 2 0 0 0
140 0.2 5 31 4 0 0 0
140 0.2 6 31 4 0 0 0
140 0.4 1 31 3 0 0 0
140 0.4 2 31 3 0 0 0
140 0.4 3 31 4 0 0 0
140 0.4 4 31 4 0 0 0
140 0.4 5 31 3 0 0 0
140 0.4 6 31 3 0 0 0
140 0.6000000000000001 1 31 3 0 0 0
140 0.6000000000000001 2 31 3 1 0 0
140 0.6000000000000001 3 31 3 0 0 0
140 0.6000000000000001 4 31 3 0 0 0
140 0.6000000000000001 5 31 2 2 0 0
140 0.6000000000000001 6 31 3 0 0 0
140 0.8 1 31 4 0 0 0
140 0.8 2 31 3 0 0 0
140 0.8 3 31 3 1 0 0
140 0.8 4 31 3 1 0 0
140 0.8 5 31 3 0 0 0
140 0.8 6 31 2 1 0 0
140 1.0 1 31 4 0 0 0
140 1.0 2 31 2 1 0 0
140 1.0 3 31 3 0 0 0
140 1.0 4 31 4 0 0 0
140 1.0 5 31 4 0 0 0
140 1.0 6 31 3 1 0 0
150 0.2 1 31 3 0 0 0
150 0.2 2 31 2 0 0 0
150 0.2 3 31 4 0 0 0
150 0.2 4 31 2 0 0 0
150 0.2 5 31 4 0 0 0
150 0.2 6 31 3 0 0 0
150 0.4 1 31 2 0 0 0
150 0.4 2 31 2 1 0 0
150 0.4 3 31 3 0 0 0
150 0.4 4 31 3 0 0 0
150 0.4 5 31 3 0 0 0
150 0.4 6 31 3 1 0 0
150 0.6000000000000001 1 31 3 0 0 0
150 0.6000000000000001 2 31 3 0 0 0
150 0.6000000000000001 3 31 3 0 0 0
150 0.6000000000000001 4 31 4 0 0 0
150 0.6000000000000001 5 31 2 0 0 0
150 0.6000000000000001 6 31 4 0 0 0
150 0.8 1 31 3 0 0 0
150 0.8 2 31 2 1 0 0
150 0.8 3 31 2 0 0 0
150 0.8 4 31 3 0 0 0
150 0.8 5 31 2 0 0 0
150 0.8 6 31 4 0 0 0
150 1.0 1 31 3 0 0 0
150 1.0 2 31 2 1 0 0
150 1.0 3 31 3 1 0 0
150 1.0 4 31 3 1 0 0
150 1.0 5 31 2 0 0 0
150 1.0 6 31 4 0 0 0
